%YAML:1.0
---
error: 1.8232654138501867e+00
cameraMatrix: !!opencv-matrix
   rows: 3
   cols: 3
   dt: d
   data: [ 8.2892590814456787e+02, 0., 5.1557587622234496e+02, 0.,
       8.0931741440632538e+02, 4.3315543828742074e+02, 0., 0., 1. ]
homographyMatrix: !!opencv-matrix
   rows: 3
   cols: 3
   dt: d
   data: [ 3.6554450649673470e-01, -2.5970011821414110e+00,
       8.6612284397774340e+02, 2.8522323578434157e+00,
       4.6570576745697806e-01, 8.8803211912319838e+01,
       9.1174685477229413e-05, 4.7825372760211500e-04, 1. ]
distortionCoefficients: !!opencv-matrix
   rows: 5
   cols: 1
   dt: d
   data: [ -2.9269710292493456e-01, 4.9173855249249432e-01,
       -1.5349855163429370e-02, -6.9811972736616131e-04,
       -3.7439438389440466e-01 ]
