%YAML:1.0
---
error: 1.8134009302374761e+00
cameraMatrix: !!opencv-matrix
   rows: 3
   cols: 3
   dt: d
   data: [ 8.7189762176856402e+02, 0., 2.9494013949493313e+02, 0.,
       8.8026963678303878e+02, 3.1661411403945732e+02, 0., 0., 1. ]
homographyMatrix: !!opencv-matrix
   rows: 3
   cols: 3
   dt: d
   data: [ -4.7701139937981701e-01, -1.7906572281768143e+00,
       5.1632019093734789e+02, 1.6865603560564342e+00,
       -3.5134677471480591e-01, 8.3052969663423397e+01,
       -4.1337282925855095e-04, 2.7766170224908772e-05, 1. ]
distortionCoefficients: !!opencv-matrix
   rows: 5
   cols: 1
   dt: d
   data: [ -2.9237066645758231e-01, 1.5518674360352089e-01,
       1.5471344282447994e-02, 5.5158286422456303e-03,
       2.1287632348998482e+00 ]
