%YAML:1.0
---
error: 1.4432755727231033e+00
cameraMatrix: !!opencv-matrix
   rows: 3
   cols: 3
   dt: d
   data: [ 1.1926088474147839e+03, 0., 6.4908904244338919e+02, 0.,
       1.1399505723190214e+03, 2.4479340696937535e+02, 0., 0., 1. ]
distortionCoefficients: !!opencv-matrix
   rows: 5
   cols: 1
   dt: d
   data: [ -2.0159915182312915e-01, 1.0780977708149586e+00,
       3.6788820991927165e-02, -4.1502410127645644e-03,
       -3.3315029653660346e+00 ]
