%YAML:1.0
---
error: 1.1715879754557017e+00
cameraMatrix: !!opencv-matrix
   rows: 3
   cols: 3
   dt: d
   data: [ 1.1064130531989558e+03, 0., 4.9098908923173025e+02, 0.,
       1.0876623334774795e+03, 3.3801494336464202e+02, 0., 0., 1. ]
homographyMatrix: !!opencv-matrix
   rows: 3
   cols: 3
   dt: d
   data: [ 5.7713538364629990e-01, 3.1753123050402303e+00,
       1.3260412209199166e+02, -2.8736960670863221e+00,
       -3.7491278039497165e-02, 5.5117116080406765e+02,
       8.6433100464399025e-04, -3.2506619839013916e-04, 1. ]
distortionCoefficients: !!opencv-matrix
   rows: 5
   cols: 1
   dt: d
   data: [ -4.2640831287098016e-02, -4.2575408236487389e-01,
       2.9258844934339731e-03, 4.9845214939651782e-03,
       1.6514803910256906e+00 ]
