%YAML:1.0
---
error: 2.7260249602205975e+00
cameraMatrix: !!opencv-matrix
   rows: 3
   cols: 3
   dt: d
   data: [ 1.9580857063877918e+03, 0., 1.3223860288137462e+03, 0.,
       1.9424930103535748e+03, 7.4660188880975022e+02, 0., 0., 1. ]
distortionCoefficients: !!opencv-matrix
   rows: 5
   cols: 1
   dt: d
   data: [ 2.6305995463299059e-01, -4.0684736573722908e+00,
       1.7855855210182812e-02, -2.1818540423511244e-02,
       1.4573969729782638e+01 ]
